in init()
---------------------------1-------------------------------
L_in
01000000
01000000
01000000
00000000
S1_in
01000000
00100000
00010000
00000000
S1_out		
01000000
01110000
01100000
01010000
After_Shift_row		 R_in
01000000 	 10100000
00111000 	 11111000
00011000 	 11011000
10100000 	 01110000
R_out
00100000
00000000
00000000
00010000
S2_in
00100000
00000000
00000000
00100000
S2_out		
00000000
00000000
00000000
00100000
After_Shift_row		 L_in
00000000 		 01000000
00000000 		 01000000
00000000 		 01000000
01000000 		 00000000
L_out
00000000
00000000
00000000
00000000
---------------------------2-------------------------------
L_in
00000000
00000000
00000000
00000000
S1_in
00000000
00000000
00000000
00000000
S1_out		
00000000
00000000
00000000
00000000
After_Shift_row		 R_in
00000000 	 00100000
00000000 	 00000000
00000000 	 00000000
00000000 	 00010000
R_out
00100000
00000000
00000000
00010000
S2_in
00100000
00000000
00000000
00100000
S2_out		
00000000
00000000
00000000
00100000
After_Shift_row		 L_in
00000000 		 00000000
00000000 		 00000000
00000000 		 00000000
01000000 		 00000000
L_out
01000000
01000000
01000000
00000000