in init()
---------------------------1-------------------------------
L_in
00000000000000000000000100000000
00000000000000000000000000000000
00000000000000100000000000000000
00001000000000000000000000000000
S1_in
00000000000000000000000100000000
00000000000000000000000000000000
00000000000000000000000100000000
00000000000000000000000100000000
S1_out		
00000000000000000000000100000000
00000000000000000000000000000000
00000000000000000000000000000000
00000000000000000000000100000000
After_Shift_row		 R_in
00000000000000000000000100000000 	 00000000001000000000000000000000
00000000000000000000000000000000 	 00000000001000000000000100000000
00000000000000000000000000000000 	 00000000001000000000000100000000
00000000001000000000000000000000 	 00000000000000000000000100000000
R_out
00000000000000000000000000000000
00000000000000000000000000000000
00000000000000000000000000000000
00000000000000000000000000000000
S2_in
00000000000000000000000000000000
00000000000000000000000000000000
00000000000000000000000000000000
00000000000000000000000000000000
S2_out		
00000000000000000000000000000000
00000000000000000000000000000000
00000000000000000000000000000000
00000000000000000000000000000000
After_Shift_row		 L_in
00000000000000000000000000000000 		 00000000000000000000000100000000
00000000000000000000000000000000 		 00000000000000000000000000000000
00000000000000000000000000000000 		 00000000000000100000000000000000
00000000000000000000000000000000 		 00001000000000000000000000000000
L_out
00000000000000000000000100000000
00000000000000000000000000000000
00000000000000100000000000000000
00001000000000000000000000000000
---------------------------2-------------------------------
L_in
00000000000000000000000100000000
00000000000000000000000000000000
00000000000000100000000000000000
00001000000000000000000000000000
S1_in
00000000000000000000000100000000
00000000000000000000000000000000
00000000000000000000000100000000
00000000000000000000000100000000
S1_out		
00000000000000000000000000000000
00000000000000000000000000000000
00000000000000000000000000000000
00000000000000000000000100000000
After_Shift_row		 R_in
00000000000000000000000000000000 	 00000000000000000000000000000000
00000000000000000000000000000000 	 00000000000000000000000000000000
00000000000000000000000000000000 	 00000000000000000000000000000000
00000000001000000000000000000000 	 00000000000000000000000000000000
R_out
00000000001000000000000000000000
00000000001000000000000000000000
00000000001000000000000000000000
00000000000000000000000000000000
S2_in
00000000001000000000000000000000
00000000000100000000000000000000
00000000000000000001000000000000
00000000000000000000000000000000
S2_out		
00000000001000000000000000000000
00000000000100000001000000000000
00000000001100000000000000000000
00000000001000000001000000000000
After_Shift_row		 L_in
00000000001000000000000000000000 		 00000000000000000000000100000000
00000000000010000000100000000000 		 00000000000000000000000000000000
00000000000000000001100000000000 		 00000000000000100000000000000000
00000010000000000000000000000100 		 00001000000000000000000000000000
L_out
00000010000010000001000100000100
00000010001000000001100000000100
00000010001010100000100000000100
00001000001010000001000000000000