in init()
---------------------------1-------------------------------
L_in		 F1_in		 L_out
1100000000000000 	 1000000000000000 	 0100000000000000
0100000000000000 	 0000000000000000 	 0100000000000000
0000000000000110 	 0000000000000110 	 0000000000000000
0000000000000000 	 0100000000000000 	 0100000000000000
S1_in		 S1_out
1000000000000000 	 0100000000000000
0000000000000000 	 1000000000000000
1100000000000000 	 0000000000000010
0000000000000010 	 0000000000000000
After_Shift_row	 R_in
0100000000000000 	 0000000000000000
0100000000000000 	 0000000000000000
0100000000000000 	 0000000000000000
0000000000000000 	 0100000000000000
R_out		 F2_in
0000000000000000 	 0000000000000000
0000000000000000 	 0000000000000000
0000000000000000 	 0000000000000000
0000000000000000 	 0100000000000000
S2_in		 S2_out
0000000000000000 	 0000000000000000
0000000000000000 	 0000000000000000
0000000000000000 	 0000000000000010
0000000000000010 	 0000000000000000
After_Shift_row	 L_out
0000000000000000 	 0100000000000000
0000000000000000 	 0100000000000000
0100000000000000 	 0000000000000000
0000000000000000 	 0100000000000000
---------------------------2-------------------------------
L_in		 F1_in		 L_out
0100000000000000 	 0000000000000000 	 0100000000000000
0100000000000000 	 0000000000000000 	 0100000000000000
0000000000000000 	 0000000000000000 	 0000000000000000
0100000000000000 	 0000000000000000 	 0100000000000000
S1_in		 S1_out
0000000000000000 	 0000000000000000
0000000000000000 	 0000000000000000
0000000000000000 	 0000000000000000
0000000000000000 	 0000000000000000
After_Shift_row	 R_in
0000000000000000 	 0000000000000000
0000000000000000 	 0000000000000000
0000000000000000 	 0000000000000000
0000000000000000 	 0000000000000000
R_out		 F2_in
0000000000000000 	 0000000000000000
0000000000000000 	 0000000000000000
0000000000010000 	 0000000000010000
0000000000000000 	 0000000000000000
S2_in		 S2_out
0000000000000000 	 0000000000000000
0000000000000000 	 0000000000000000
0000000000000010 	 0000000000000010
0000000000000000 	 0000000000000000
After_Shift_row	 L_out
0000000000000000 	 0100000000000000
0000000000000000 	 0100000000000000
0100000000000000 	 0000000000000000
0000000000000000 	 0100000000000000