in init()
---------------------------1-------------------------------
L_in		 F1_in		 L_out
00000100000000000000000000100000 	 00000100000000000000000000000000 	 00000000000000000000000000100000
00001100000000000000000000001000 	 00001100000000000000000000001000 	 00000000000000000000000000000000
00000000000000000000000000101100 	 00000000000000000000000000001100 	 00000000000000000000000000100000
00000000000000000011000000100000 	 00000000000000000011000000000000 	 00000000000000000000000000100000
S1_in		 S1_out
00000100000000000000000000000000 	 00000010000000000000000000000000
00000110000000000000000000000100 	 00000100000000000000000000000000
00000110000000000000000000000000 	 00000000000000000000000000000100
00000110000000000000000000000000 	 00000000000000000000000000000000
After_Shift_row	 R_in
00000010000000000000000000000000 	 00000000000000000000000000000000
00000010000000000000000000000000 	 00000000000000000000000000000000
00000010000000000000000000000000 	 00000000000000000000000000000000
00000000000000000000000000000000 	 00000010000000000000000000000000
R_out		 F2_in
00000000000000000000000000000000 	 00000000000000000000000000000000
00000000000000000000000000000000 	 00000000000000000000000000000000
00000000000000000000000000000000 	 00000000000000000000000000000000
00000000000000000000000000000000 	 00000010000000000000000000000000
S2_in		 S2_out
00000000000000000000000000000000 	 00000000000000000000000000000000
00000000000000000000000000000000 	 00000000000000000000000001000000
00000000000000000000000000000000 	 00000000000000000000000000000000
00000000000000000000000001000000 	 00000000000000000000000000000000
After_Shift_row	 L_out
00000000000000000000000000000000 	 00000000000000000000000000100000
00000000000000000000000000100000 	 00000000000000000000000000000000
00000000000000000000000000000000 	 00000000000000000000000000100000
00000000000000000000000000000000 	 00000000000000000000000000100000
---------------------------2-------------------------------
L_in		 F1_in		 L_out
00000000000000000000000000100000 	 00000000000000000000000000000000 	 00000000000000000000000000100000
00000000000000000000000000000000 	 00000000000000000000000000000000 	 00000000000000000000000000000000
00000000000000000000000000100000 	 00000000000000000000000000000000 	 00000000000000000000000000100000
00000000000000000000000000100000 	 00000000000000000000000000000000 	 00000000000000000000000000100000
S1_in		 S1_out
00000000000000000000000000000000 	 00000000000000000000000000000000
00000000000000000000000000000000 	 00000000000000000000000000000000
00000000000000000000000000000000 	 00000000000000000000000000000000
00000000000000000000000000000000 	 00000000000000000000000000000000
After_Shift_row	 R_in
00000000000000000000000000000000 	 00000000000000000000000000000000
00000000000000000000000000000000 	 00000000000000000000000000000000
00000000000000000000000000000000 	 00000000000000000000000000000000
00000000000000000000000000000000 	 00000000000000000000000000000000
R_out		 F2_in
00000000000000000000000001000000 	 00000000000000000000000001000000
00000000000000000000000010000000 	 00000000000000000000000010000000
00000000000000000000000000000000 	 00000000000000000000000000000000
00000000000000000000000000000000 	 00000000000000000000000000000000
S2_in		 S2_out
00000000000000000000000001000000 	 00000000000000000000000000000000
00000000000000000000000001000000 	 00000000000000000000000001000000
00000000000000000000000000000000 	 00000000000000000000000000000000
00000000000000000000000000000000 	 00000000000000000000000000000000
After_Shift_row	 L_out
00000000000000000000000000000000 	 00000000000000000000000000100000
00000000000000000000000000100000 	 00000000000000000000000000000000
00000000000000000000000000000000 	 00000000000000000000000000100000
00000000000000000000000000000000 	 00000000000000000000000000100000
