in init()
---------------------------1-------------------------------
L_in		 F1_in		 L_out
10000000 	 10000000 	 00000000
00000001 	 00000001 	 00000000
00000000 	 00000000 	 00000000
00000000 	 00000000 	 00000000
S1_in		 S1_out
10000000 	 10000000
10000000 	 00000000
00000000 	 00000000
00000000 	 00000000
After_Shift_row	 R_in
10000000 	 00000000
00000000 	 10000000
00000000 	 10000000
00000000 	 10000000
R_out		 F2_in
00000000 	 00000000
10000000 	 00000000
10000000 	 00000000
10000000 	 00000000
S2_in		 S2_out
00000000 	 00000000
00000000 	 00000000
00000000 	 00000000
00000000 	 00000000
After_Shift_row	 L_out
00000000 	 00000000
00000000 	 00000000
00000000 	 00000000
00000000 	 00000000
---------------------------2-------------------------------
L_in		 F1_in		 L_out
00000000 	 00000000 	 00000000
00000000 	 00000000 	 00000000
00000000 	 00000010 	 00000010
00000000 	 00000000 	 00000000
S1_in		 S1_out
00000000 	 10000000
00000000 	 00000000
10000000 	 00000000
00000000 	 00000000
After_Shift_row	 R_in
10000000 	 00000000
00000000 	 10000000
00000000 	 10000000
00000000 	 10000000
R_out		 F2_in
00000110 	 00000110
10000100 	 00000100
10000100 	 00000100
00000010 	 10000010
S2_in		 S2_out
00000110 	 00000010
00000010 	 00000100
00000001 	 00000000
00000101 	 00000001
After_Shift_row	 L_out
00000010 	 00000000
00000010 	 00000000
00000000 	 00000010
00000010 	 00000000
---------------------------3-------------------------------
L_in		 F1_in		 L_out
00000000 	 00000010 	 00000010
00000000 	 00000010 	 00000010
00000010 	 00000000 	 00000010
00000000 	 00000000 	 00000000
S1_in		 S1_out
00000010 	 00000010
00000001 	 00000001
00000000 	 00000010
00000000 	 00000011
After_Shift_row	 R_in
00000010 	 00000110
10000000 	 10000100
10000000 	 10000100
00000110 	 00000010
R_out		 F2_in
00000110 	 00000000
10000100 	 00000000
10000000 	 00000100
10000010 	 10000000
S2_in		 S2_out
00000000 	 00000000
00000000 	 00000000
00000001 	 00000000
00000001 	 00000001
After_Shift_row	 L_out
00000000 	 00000010
00000000 	 00000010
00000000 	 00000010
00000010 	 00000000
