in init()
---------------------------1-------------------------------
L_in		 F1_in		 L_out
00000000 	 00000000 	 00000000
00000000 	 00000000 	 00000000
00000000 	 00000000 	 00000000
00000010 	 00000010 	 00000000
S1_in		 S1_out
00000000 	 00000000
00000000 	 00000000
00000000 	 00000100
00000100 	 00000000
After_Shift_row	 R_in
00000000 	 00000001
00000000 	 00000001
00000001 	 00000000
00000000 	 00000001
R_out		 F2_in
00000001 	 00000000
00000001 	 00000000
00000000 	 00000000
00000001 	 00000000
S2_in		 S2_out
00000000 	 00000000
00000000 	 00000000
00000000 	 00000000
00000000 	 00000000
After_Shift_row	 L_out
00000000 	 00000000
00000000 	 00000000
00000000 	 00000000
00000000 	 00000000
---------------------------2-------------------------------
L_in		 F1_in		 L_out
00000000 	 00000000 	 00000000
00000000 	 00000000 	 00000000
00000000 	 00000000 	 00000000
00000000 	 00000010 	 00000010
S1_in		 S1_out
00000000 	 00000000
00000000 	 00000000
00000000 	 00000100
00000100 	 00000000
After_Shift_row	 R_in
00000000 	 00000001
00000000 	 00000001
00000001 	 00000000
00000000 	 00000001
R_out		 F2_in
00000001 	 00000000
00000101 	 00000100
00011000 	 00011000
00000111 	 00000110
S2_in		 S2_out
00000000 	 00000010
00000010 	 00000100
00000110 	 00001000
00001100 	 00000000
After_Shift_row	 L_out
00000010 	 00000000
00000010 	 00000000
00000010 	 00000000
00000000 	 00000010