in init()
---------------------------1-------------------------------
L_in
0010000000000000
0010000000000000
0010000000000000
0000000000000000
S1_in
0010000000000000
0001000000000000
0000010000000000
0000000000000000
S1_out		
0001010000000000
0010000000000000
0011000000000000
0011010000000000
After_Shift_row		 R_in
0001010000000000 	 1011001000000001
0001000000000000 	 1011001000000001
0000011000000000 	 1000010000000001
1010000000000001 	 0000001010000000
R_out
0000010000000000
0000000000000000
0010000000000000
0000000010000000
S2_in
0000010000000000
0000000000000000
0000010000000000
0000010000000000
S2_out		
0000000000000000
0000000000000000
0000000000000000
0000010000000000
After_Shift_row		 L_in
0000000000000000 		 0010000000000000
0000000000000000 		 0010000000000000
0000000000000000 		 0010000000000000
0010000000000000 		 0000000000000000
L_out
0000000000000000
0000000000000000
0000000000000000
0000000000000000
---------------------------2-------------------------------
L_in
0000000000000000
0000000000000000
0000000000000000
0000000000000000
S1_in
0000000000000000
0000000000000000
0000000000000000
0000000000000000
S1_out		
0000000000000000
0000000000000000
0000000000000000
0000000000000000
After_Shift_row		 R_in
0000000000000000 	 0000010000000000
0000000000000000 	 0000000000000000
0000000000000000 	 0010000000000000
0000000000000000 	 0000000010000000
R_out
0000010000000000
0000000000000000
0010000000000000
0000000010000000
S2_in
0000010000000000
0000000000000000
0000010000000000
0000010000000000
S2_out		
0000010000000000
0000000000000000
0000000000000000
0000000000000000
After_Shift_row		 L_in
0000010000000000 		 0000000000000000
0000000000000000 		 0000000000000000
0000000000000000 		 0000000000000000
0000000000000000 		 0000000000000000
L_out
0000000000000000
0000010000000000
0000010000000000
0000010000000000
